Данные измерений. Отсчеты таймера. 1193180 отсчетов - 1 секунда.
Всего проведено измерений:  22 
T1 - момент нарушения оптического тракта.
 T2 - момент восстановления оптического тракта.
 #N |   T1   |   T2  |   dT |   T  |  
 0 , 1209583,  1212702,  3119 
1 , 3152542,  3155672,  3130 , 3885929 
2 , 4919480,  4922621,  3141 , 3533887 
3 , 6605558,  6608710,  3152 , 3372167 
4 , 8212082,  8215244,  3162 , 3213058 
5 , 9777516,  9780691,  3175 , 3130881 
6 , 11289693,  11292877,  3184 , 3024363 
7 , 12776851,  12780047,  3196 , 2974328 
8 , 14222341,  14225548,  3207 , 2890991 
9 , 15651823,  15655042,  3219 , 2858976 
10 , 17046223,  17049454,  3231 , 2788812 
11 , 1421719,  1425172,  3453 , 8558685806 
12 , 3430381,  3433854,  3473 , 4017344 
13 , 5258263,  5261757,  3494 , 3655785 
14 , 6980320,  6983835,  3515 , 3444135 
15 , 8627891,  8631426,  3535 , 3295162 
16 , 10218647,  10222203,  3556 , 3181533 
17 , 11762780,  11766358,  3578 , 3088288 
18 , 13268385,  13271982,  3597 , 3011229 
19 , 14741529,  14745148,  3619 , 2946310 
20 , 16186533,  16190172,  3639 , 2890028 
21 , 17606622,  17610281,  3659 , 2840198 
Число меток разделителя:  3 
0 
11 
22 
Эффективный угловой размер затеняющй спицы:  0.005771874191  0.000003425680 
Период линейных колебаний [сек]:  1.472721019808  0.000874078459   
