Данные измерений. Отсчеты таймера. 1193180 отсчетов - 1 секунда.
Всего проведено измерений:  31 
T1 - момент нарушения оптического тракта.
 T2 - момент восстановления оптического тракта.
 #N |   T1   |   T2  |   dT |   T  |  
 0 , 573706,  578821,  5115 
1 , 1602872,  1608010,  5138 , 2058355 
2 , 2630636,  2635793,  5157 , 2055547 
3 , 3656647,  3661825,  5178 , 2052043 
4 , 4681263,  4686459,  5196 , 2049250 
5 , 5704202,  5709420,  5218 , 2045900 
6 , 6725814,  6731055,  5241 , 2043247 
7 , 7745799,  7751058,  5259 , 2039988 
8 , 8764531,  8769811,  5280 , 2037485 
9 , 9781660,  9786960,  5300 , 2034278 
10 , 10797639,  10802961,  5322 , 2031980 
11 , 11812037,  11817379,  5342 , 2028816 
12 , 12825322,  12830686,  5364 , 2026592 
13 , 13837078,  13842461,  5383 , 2023531 
14 , 14847754,  14853158,  5404 , 2021373 
15 , 15856958,  15862385,  5427 , 2018431 
16 , 16865116,  16870561,  5445 , 2016334 
17 , 17871863,  17877329,  5466 , 2013515 
18 , 18877632,  18883119,  5487 , 2011559 
19 , 19881992,  19887498,  5506 , 2008739 
20 , 20885455,  20890982,  5527 , 2006947 
21 , 21887509,  21893059,  5550 , 2004131 
22 , 22888672,  22894241,  5569 , 2002345 
23 , 23888516,  23894104,  5588 , 1999707 
24 , 24887485,  24893094,  5609 , 1997959 
25 , 25885158,  25890790,  5632 , 1995369 
26 , 26881953,  26887603,  5650 , 1993608 
27 , 27877510,  27883183,  5673 , 1991137 
28 , 28872232,  28877924,  5692 , 1989463 
29 , 29865711,  29871427,  5716 , 1986982 
30 , 30858402,  30864138,  5736 , 1985402 
Число меток разделителя:  2 
0 
31 
Эффективный угловой размер затеняющй спицы:  0.005818125664  0.000003373683 
Период линейных колебаний [сек]:  1.484522302086  0.000860811095   
