Данные измерений. Отсчеты таймера. 1193180 отсчетов - 1 секунда.
Всего проведено измерений:  31 
T1 - момент нарушения оптического тракта.
 T2 - момент восстановления оптического тракта.
 #N |   T1   |   T2  |   dT |   T  |  
 0 , 510434,  515096,  4662 
1 , 1429296,  1433971,  4675 , 1837737 
2 , 2347161,  2351849,  4688 , 1835743 
3 , 3264078,  3268781,  4703 , 1833849 
4 , 4180003,  4184719,  4716 , 1831863 
5 , 5095046,  5099776,  4730 , 1830100 
6 , 6009145,  6013888,  4743 , 1828211 
7 , 6922313,  6927070,  4757 , 1826350 
8 , 7834610,  7839381,  4771 , 1824608 
9 , 8746037,  8750821,  4784 , 1822867 
10 , 9656514,  9661312,  4798 , 1820968 
11 , 10566141,  10570953,  4812 , 1819268 
12 , 11474882,  11479707,  4825 , 1817495 
13 , 12382796,  12387635,  4839 , 1815842 
14 , 13289782,  13294635,  4853 , 1813986 
15 , 14196051,  14200917,  4866 , 1812551 
16 , 15101394,  15106273,  4879 , 1810699 
17 , 16005995,  16010889,  4894 , 1809217 
18 , 16909781,  16914688,  4907 , 1807585 
19 , 17812763,  17817684,  4921 , 1805978 
20 , 18714963,  18719897,  4934 , 1804413 
21 , 19616436,  19621385,  4949 , 1802961 
22 , 20517082,  20522043,  4961 , 1801304 
23 , 21417071,  21422047,  4976 , 1799993 
24 , 22316246,  22321234,  4988 , 1798362 
25 , 23214802,  23219804,  5002 , 1797126 
26 , 24112521,  24117539,  5018 , 1795454 
27 , 25009591,  25014620,  5029 , 1794151 
28 , 25905926,  25910970,  5044 , 1792685 
29 , 26801598,  26806654,  5056 , 1791356 
30 , 27696561,  27701631,  5070 , 1789940 
Число меток разделителя:  2 
0 
31 
Эффективный угловой размер затеняющй спицы:  0.005221314795  0.000003360658 
Период линейных колебаний [сек]:  1.332243183889  0.000857487763   
