Данные измерений. Отсчеты таймера. 1193180 отсчетов - 1 секунда.
Всего проведено измерений:  31 
T1 - момент нарушения оптического тракта.
 T2 - момент восстановления оптического тракта.
 #N |   T1   |   T2  |   dT |   T  |  
 0 , 481233,  485817,  4584 
1 , 1406225,  1410823,  4598 , 1849998 
2 , 2330154,  2334766,  4612 , 1847872 
3 , 3252927,  3257553,  4626 , 1845560 
4 , 4174819,  4179458,  4639 , 1843797 
5 , 5095622,  5100274,  4652 , 1841619 
6 , 6015466,  6020132,  4666 , 1839702 
7 , 6934227,  6938906,  4679 , 1837535 
8 , 7852091,  7856785,  4694 , 1835743 
9 , 8768924,  8773631,  4707 , 1833679 
10 , 9684846,  9689567,  4721 , 1831858 
11 , 10599765,  10604499,  4734 , 1829851 
12 , 11513777,  11518525,  4748 , 1828038 
13 , 12426863,  12431623,  4760 , 1826184 
14 , 13339014,  13343788,  4774 , 1824316 
15 , 14250300,  14255088,  4788 , 1822586 
16 , 15160692,  15165495,  4803 , 1820799 
17 , 16070213,  16075028,  4815 , 1819054 
18 , 16978865,  16983693,  4828 , 1817317 
19 , 17886735,  17891578,  4843 , 1815755 
20 , 18793704,  18798561,  4857 , 1813952 
21 , 19699924,  19704794,  4870 , 1812453 
22 , 20605245,  20610128,  4883 , 1810655 
23 , 21509848,  21514745,  4897 , 1809220 
24 , 22413582,  22418493,  4911 , 1807482 
25 , 23316579,  23321504,  4925 , 1806008 
26 , 24218769,  24223707,  4938 , 1804393 
27 , 25120216,  25125167,  4951 , 1802907 
28 , 26020877,  26025843,  4966 , 1801337 
29 , 26920809,  26925786,  4977 , 1799875 
30 , 27819971,  27824964,  4993 , 1798340 
Число меток разделителя:  2 
0 
31 
Эффективный угловой размер затеняющй спицы:  0.005222624472  0.000003390286 
Период линейных колебаний [сек]:  1.332577354239  0.000865047470   
