Данные измерений. Отсчеты таймера. 1193180 отсчетов - 1 секунда.
Всего проведено измерений:  31 
T1 - момент нарушения оптического тракта.
 T2 - момент восстановления оптического тракта.
 #N |   T1   |   T2  |   dT |   T  |  
 0 , 484089,  488765,  4676 
1 , 1402784,  1407471,  4687 , 1837401 
2 , 2320716,  2325415,  4699 , 1835876 
3 , 3237788,  3242497,  4709 , 1834154 
4 , 4154138,  4158861,  4723 , 1832714 
5 , 5069637,  5074369,  4732 , 1831007 
6 , 5984438,  5989181,  4743 , 1829613 
7 , 6898383,  6903139,  4756 , 1827903 
8 , 7811683,  7816450,  4767 , 1826611 
9 , 8724104,  8728883,  4779 , 1824854 
10 , 9635931,  9640719,  4788 , 1823663 
11 , 10546923,  10551724,  4801 , 1821997 
12 , 11457288,  11462100,  4812 , 1820741 
13 , 12366857,  12371681,  4824 , 1819150 
14 , 13275786,  13280618,  4832 , 1817866 
15 , 14183970,  14188814,  4844 , 1816380 
16 , 15091524,  15096379,  4855 , 1815119 
17 , 15998305,  16003171,  4866 , 1813573 
18 , 16904491,  16909370,  4879 , 1812385 
19 , 17809936,  17814825,  4889 , 1810900 
20 , 18714787,  18719688,  4901 , 1809714 
21 , 19618910,  19623822,  4912 , 1808257 
22 , 20522438,  20527361,  4923 , 1807067 
23 , 21425257,  21430191,  4934 , 1805649 
24 , 22327489,  22332434,  4945 , 1804475 
25 , 23229052,  23234007,  4955 , 1803136 
26 , 24130038,  24135006,  4968 , 1801985 
27 , 25030381,  25035362,  4981 , 1800699 
28 , 25930136,  25935126,  4990 , 1799519 
29 , 26829259,  26834260,  5001 , 1798257 
30 , 27727846,  27732856,  5010 , 1797183 
Число меток разделителя:  2 
0 
31 
Эффективный угловой размер затеняющй спицы:  0.005223159523  0.000003371168 
Период линейных колебаний [сек]:  1.332713875055  0.000860169349   
