Данные измерений. Отсчеты таймера. 1193180 отсчетов - 1 секунда.
Всего проведено измерений:  201 
T1 - момент нарушения оптического тракта.
 T2 - момент восстановления оптического тракта.
 #N |   T1   |   T2  |   dT |   T  |  
 0 , 1241544,  1244661,  3117 
1 , 3150507,  3153638,  3131 , 3817940 
2 , 4881756,  4884901,  3145 , 3462512 
3 , 6517766,  6520925,  3159 , 3272034 
4 , 8086196,  8089367,  3171 , 3136872 
5 , 9600233,  9603418,  3185 , 3028088 
6 , 11070268,  11073467,  3199 , 2940084 
7 , 12506385,  12509598,  3213 , 2872248 
8 , 13910697,  13913923,  3226 , 2808637 
9 , 15288556,  15291797,  3241 , 2755733 
10 , 16642333,  16645588,  3255 , 2707568 
11 , 17975401,  17978668,  3267 , 2666148 
12 , 19288716,  19291998,  3282 , 2626645 
13 , 20584782,  20588077,  3295 , 2592145 
14 , 21864499,  21867808,  3309 , 2559448 
15 , 23129557,  23132881,  3324 , 2530131 
16 , 24380664,  24384001,  3337 , 2502227 
17 , 25619104,  25622453,  3349 , 2476892 
18 , 26845365,  26848729,  3364 , 2452537 
19 , 28060394,  28063773,  3379 , 2430073 
20 , 29264750,  29268141,  3391 , 2408724 
21 , 30459291,  30462696,  3405 , 2389096 
22 , 31644520,  31647939,  3419 , 2370472 
23 , 32820838,  32824269,  3431 , 2352648 
24 , 33988768,  33992214,  3446 , 2335875 
25 , 35148627,  35152087,  3460 , 2319732 
26 , 36300828,  36304302,  3474 , 2304416 
27 , 37445803,  37449289,  3486 , 2289962 
28 , 38583690,  38587190,  3500 , 2275788 
29 , 39714917,  39718430,  3513 , 2262467 
30 , 40839619,  40843147,  3528 , 2249419 
31 , 41958214,  41961756,  3542 , 2237204 
32 , 43070797,  43074352,  3555 , 2225179 
33 , 44177756,  44181325,  3569 , 2213932 
34 , 45279178,  45282760,  3582 , 2202857 
35 , 46375371,  46378968,  3597 , 2192401 
36 , 47466411,  47470020,  3609 , 2182092 
37 , 48552542,  48556164,  3622 , 2172275 
38 , 49633898,  49637534,  3636 , 2162726 
39 , 50710651,  50714302,  3651 , 2153521 
40 , 51782907,  51786571,  3664 , 2144525 
41 , 52850839,  52854517,  3678 , 2135878 
42 , 53914612,  53918303,  3691 , 2127559 
43 , 54974336,  54978042,  3706 , 2119463 
44 , 56030125,  56033845,  3720 , 2111592 
45 , 57082110,  57085843,  3733 , 2103983 
46 , 58130386,  58134132,  3746 , 2096565 
47 , 59175067,  59178825,  3758 , 2089374 
48 , 60216284,  60220057,  3773 , 2082449 
49 , 61254100,  61257886,  3786 , 2075645 
50 , 62288664,  62292464,  3800 , 2069142 
51 , 63319934,  63323746,  3812 , 2062552 
52 , 64348086,  64351914,  3828 , 2056320 
53 , 65373203,  65377043,  3840 , 2050246 
54 , 66395315,  66399168,  3853 , 2044237 
55 , 67414543,  67418409,  3866 , 2038469 
56 , 68430889,  68434770,  3881 , 2032707 
57 , 69444505,  69448398,  3893 , 2027244 
58 , 70455352,  70459260,  3908 , 2021709 
59 , 71463641,  71467562,  3921 , 2016591 
60 , 72469272,  72473207,  3935 , 2011276 
61 , 73472436,  73476384,  3948 , 2006341 
62 , 74473090,  74477051,  3961 , 2001321 
63 , 75471354,  75475329,  3975 , 1996542 
64 , 76467241,  76471231,  3990 , 1991789 
65 , 77460813,  77464816,  4003 , 1987157 
66 , 78452118,  78456133,  4015 , 1982622 
67 , 79441230,  79445259,  4029 , 1978238 
68 , 80428111,  80432153,  4042 , 1973775 
69 , 81412929,  81416985,  4056 , 1969650 
70 , 82395602,  82399673,  4071 , 1965361 
71 , 83376274,  83380357,  4083 , 1961356 
72 , 84354874,  84358972,  4098 , 1957215 
73 , 85331578,  85335688,  4110 , 1953420 
74 , 86306254,  86310378,  4124 , 1949366 
75 , 87279160,  87283297,  4137 , 1945825 
76 , 88250114,  88254265,  4151 , 1941922 
77 , 89219313,  89223477,  4164 , 1938411 
78 , 90186635,  90190814,  4179 , 1934659 
79 , 91152266,  91156458,  4192 , 1931275 
80 , 92116167,  92120373,  4206 , 1927816 
81 , 93078410,  93082627,  4217 , 1924497 
82 , 94038974,  94043206,  4232 , 1921143 
83 , 94997968,  95002215,  4247 , 1918003 
84 , 95955344,  95959603,  4259 , 1914764 
85 , 96911145,  96915418,  4273 , 1911616 
86 , 97865354,  97869640,  4286 , 1908431 
87 , 98818077,  98822377,  4300 , 1905460 
88 , 99769266,  99773579,  4313 , 1902391 
89 , 100718987,  100723313,  4326 , 1899455 
90 , 101667239,  101671581,  4342 , 1896520 
91 , 102614064,  102618417,  4353 , 1893661 
92 , 103559472,  103563840,  4368 , 1890831 
93 , 104503504,  104507885,  4381 , 1888077 
94 , 105446161,  105450556,  4395 , 1885328 
95 , 106387505,  106391913,  4408 , 1882701 
96 , 107327514,  107331937,  4423 , 1880033 
97 , 108266258,  108270694,  4436 , 1877501 
98 , 109203670,  109208120,  4450 , 1874838 
99 , 110139936,  110144400,  4464 , 1872546 
100 , 111074833,  111079310,  4477 , 1869807 
101 , 112008637,  112013126,  4489 , 1867620 
102 , 112941119,  112945623,  4504 , 1864979 
103 , 113872525,  113877042,  4517 , 1862825 
104 , 114802638,  114807168,  4530 , 1860239 
105 , 115731691,  115736236,  4545 , 1858121 
106 , 116659529,  116664087,  4558 , 1855689 
107 , 117586310,  117590883,  4573 , 1853577 
108 , 118511912,  118516498,  4586 , 1851217 
109 , 119436492,  119441092,  4600 , 1849174 
110 , 120359931,  120364546,  4615 , 1846893 
111 , 121282352,  121286979,  4627 , 1844854 
112 , 122203661,  122208301,  4640 , 1842631 
113 , 123124035,  123128688,  4653 , 1840761 
114 , 124043327,  124047995,  4668 , 1838599 
115 , 124961661,  124966345,  4684 , 1836684 
116 , 125878972,  125883668,  4696 , 1834634 
117 , 126795333,  126800042,  4709 , 1832735 
118 , 127710680,  127715402,  4722 , 1830707 
119 , 128625161,  128629898,  4737 , 1828977 
120 , 129538638,  129543387,  4749 , 1826966 
121 , 130451279,  130456043,  4764 , 1825297 
122 , 131362937,  131367713,  4776 , 1823328 
123 , 132273802,  132278593,  4791 , 1821745 
124 , 133183696,  133188500,  4804 , 1819801 
125 , 134092796,  134097614,  4818 , 1818214 
126 , 135000908,  135005742,  4834 , 1816240 
127 , 135908239,  135913084,  4845 , 1814673 
128 , 136814711,  136819570,  4859 , 1812958 
129 , 137720387,  137725259,  4872 , 1811365 
130 , 138625176,  138630063,  4887 , 1809593 
131 , 139529264,  139534166,  4902 , 1808191 
132 , 140432396,  140437311,  4915 , 1806277 
133 , 141334921,  141339850,  4929 , 1805064 
134 , 142236490,  142241434,  4944 , 1803153 
135 , 143137463,  143142419,  4956 , 1801958 
136 , 144037495,  144042464,  4969 , 1800077 
137 , 144936949,  144941933,  4984 , 1798923 
138 , 145835538,  145840536,  4998 , 1797192 
139 , 146733499,  146738510,  5011 , 1795935 
140 , 147630623,  147635649,  5026 , 1794263 
141 , 148527153,  148532192,  5039 , 1793073 
142 , 149422862,  149427913,  5051 , 1791430 
143 , 150317979,  150323044,  5065 , 1790248 
144 , 151212293,  151217372,  5079 , 1788642 
145 , 152106061,  152111156,  5095 , 1787552 
146 , 152998998,  153004105,  5107 , 1785886 
147 , 153891418,  153896539,  5121 , 1784854 
148 , 154783023,  154788157,  5134 , 1783223 
149 , 155674115,  155679263,  5148 , 1782198 
150 , 156564441,  156569606,  5165 , 1780669 
151 , 157454216,  157459392,  5176 , 1779561 
152 , 158343276,  158348467,  5191 , 1778135 
153 , 159231816,  159237019,  5203 , 1777092 
154 , 160119634,  160124852,  5218 , 1775651 
155 , 161006976,  161012206,  5230 , 1774696 
156 , 161893591,  161898834,  5243 , 1773243 
157 , 162779740,  162784998,  5258 , 1772313 
158 , 163665184,  163670455,  5271 , 1770901 
159 , 164550162,  164555447,  5285 , 1769970 
160 , 165434458,  165439757,  5299 , 1768606 
161 , 166318287,  166323600,  5313 , 1767672 
162 , 167201446,  167206773,  5327 , 1766332 
163 , 168084170,  168089509,  5339 , 1765460 
164 , 168966216,  168971570,  5354 , 1764107 
165 , 169847817,  169853184,  5367 , 1763215 
166 , 170728786,  170734169,  5383 , 1761954 
167 , 171609325,  171614721,  5396 , 1761091 
168 , 172489224,  172494635,  5411 , 1759813 
169 , 173368728,  173374151,  5423 , 1759020 
170 , 174247586,  174253024,  5438 , 1757731 
171 , 175126047,  175131497,  5450 , 1756934 
172 , 176003870,  176009335,  5465 , 1755661 
173 , 176881318,  176886797,  5479 , 1754910 
174 , 177758135,  177763627,  5492 , 1753647 
175 , 178634575,  178640081,  5506 , 1752894 
176 , 179510388,  179515909,  5521 , 1751641 
177 , 180385844,  180391377,  5533 , 1750924 
178 , 181260677,  181266226,  5549 , 1749682 
179 , 182135164,  182140727,  5563 , 1748988 
180 , 183009028,  183014605,  5577 , 1747742 
181 , 183882590,  183888178,  5588 , 1747135 
182 , 184755525,  184761129,  5604 , 1745886 
183 , 185628175,  185633793,  5618 , 1745314 
184 , 186500227,  186505859,  5632 , 1744118 
185 , 187371969,  187377614,  5645 , 1743497 
186 , 188243124,  188248784,  5660 , 1742325 
187 , 189113996,  189119669,  5673 , 1741757 
188 , 189984267,  189989955,  5688 , 1740557 
189 , 190854248,  190859947,  5699 , 1739973 
190 , 191723656,  191729371,  5715 , 1738832 
191 , 192592782,  192598510,  5728 , 1738265 
192 , 193461331,  193467073,  5742 , 1737112 
193 , 194329604,  194335359,  5755 , 1736559 
194 , 195197318,  195203087,  5769 , 1735442 
195 , 196064775,  196070559,  5784 , 1734929 
196 , 196931664,  196937461,  5797 , 1733791 
197 , 197798317,  197804128,  5811 , 1733320 
198 , 198664421,  198670246,  5825 , 1732222 
199 , 199530291,  199536129,  5838 , 1731753 
200 , 200395609,  200401461,  5852 , 1730650 
Число меток разделителя:  2 
0 
201 
Эффективный угловой размер затеняющй спицы:  0.005218434059  0.000003395808 
Период линейных колебаний [сек]:  1.331508150582  0.000866456471   
