Данные измерений. Отсчеты таймера. 1193180 отсчетов - 1 секунда.
Всего проведено измерений:  31 
T1 - момент нарушения оптического тракта.
 T2 - момент восстановления оптического тракта.
 #N |   T1   |   T2  |   dT |   T  |  
 0 , 534389,  539554,  5165 
1 , 1559728,  1564914,  5186 , 2050699 
2 , 2583768,  2588975,  5207 , 2048101 
3 , 3606012,  3611239,  5227 , 2044508 
4 , 4627072,  4632319,  5247 , 2042140 
5 , 5646396,  5651666,  5270 , 2038671 
6 , 6664540,  6669830,  5290 , 2036308 
7 , 7681042,  7686352,  5310 , 2033024 
8 , 8696288,  8701618,  5330 , 2030512 
9 , 9710324,  9715675,  5351 , 2028093 
10 , 10723066,  10728435,  5369 , 2025502 
11 , 11734334,  11739725,  5391 , 2022558 
12 , 12744543,  12749955,  5412 , 2020439 
13 , 13753236,  13758669,  5433 , 2017407 
14 , 14760942,  14766396,  5454 , 2015433 
15 , 15767165,  15772639,  5474 , 2012466 
16 , 16772473,  16777969,  5496 , 2010638 
17 , 17776330,  17781845,  5515 , 2007733 
18 , 18779304,  18784841,  5537 , 2005970 
19 , 19780885,  19786443,  5558 , 2003183 
20 , 20781591,  20787170,  5579 , 2001433 
21 , 21780902,  21786502,  5600 , 1998643 
22 , 22779411,  22785029,  5618 , 1997036 
23 , 23776546,  23782186,  5640 , 1994292 
24 , 24772934,  24778594,  5660 , 1992796 
25 , 25767959,  25773640,  5681 , 1990071 
26 , 26762249,  26767951,  5702 , 1988601 
27 , 27755253,  27760975,  5722 , 1986028 
28 , 28747500,  28753243,  5743 , 1984515 
29 , 29738580,  29744344,  5764 , 1982181 
30 , 30728914,  30734698,  5784 , 1980688 
Число меток разделителя:  2 
0 
31 
Эффективный угловой размер затеняющй спицы:  0.005824253590  0.000003395666 
Период линейных колебаний [сек]:  1.486085871473  0.000866420127   
