Данные измерений. Отсчеты таймера. 1193180 отсчетов - 1 секунда.
Всего проведено измерений:  31 
T1 - момент нарушения оптического тракта.
 T2 - момент восстановления оптического тракта.
 #N |   T1   |   T2  |   dT |   T  |  
 0 , 531938,  531945,  7 
1 , 531951,  531957,  6 , 25 
2 , 532126,  532132,  6 , 350 
3 , 532300,  532306,  6 , 348 
4 , 532473,  532479,  6 , 346 
5 , 532647,  532653,  6 , 348 
6 , 532820,  532826,  6 , 346 
7 , 532994,  533000,  6 , 348 
8 , 534233,  534239,  6 , 2478 
9 , 1448515,  1448521,  6 , 1828564 
10 , 1450772,  1450778,  6 , 4514 
11 , 1453073,  1453079,  6 , 4602 
12 , 2364320,  2364326,  6 , 1822494 
13 , 2366633,  2366639,  6 , 4626 
14 , 2368935,  2368941,  6 , 4604 
15 , 3279358,  3279365,  7 , 1820847 
16 , 3281669,  3281675,  6 , 4621 
17 , 3283981,  3283987,  6 , 4624 
18 , 4193593,  4193599,  6 , 1819224 
19 , 4195909,  4195915,  6 , 4632 
20 , 4198221,  4198227,  6 , 4624 
21 , 5107135,  5107141,  6 , 1817828 
22 , 5109446,  5109453,  7 , 4623 
23 , 5111694,  5111700,  6 , 4495 
24 , 6019860,  6019867,  7 , 1816333 
25 , 6022170,  6022176,  6 , 4619 
26 , 6024482,  6024489,  7 , 4625 
27 , 6931916,  6931922,  6 , 1814867 
28 , 6934179,  6934185,  6 , 4526 
29 , 6936490,  6936496,  6 , 4622 
30 , 7843190,  7843196,  6 , 1813400 
Число меток разделителя:  2 
0 
31 
Эффективный угловой размер затеняющй спицы:  0.005217448369  0.000003401794 
Период линейных колебаний [сек]:  1.331256646931  0.000867983927   
