Данные измерений. Отсчеты таймера. 1193180 отсчетов - 1 секунда.
Всего проведено измерений:  279 
T1 - момент нарушения оптического тракта.
 T2 - момент восстановления оптического тракта.
 #N |   T1   |   T2  |   dT |   T  |  
 0 , 1439067,  1442294,  3227 
1 , 3367902,  3371142,  3240 , 3857683 
2 , 5122334,  5125592,  3258 , 3508882 
3 , 6773989,  6777261,  3272 , 3303324 
4 , 8355557,  8358848,  3291 , 3163155 
5 , 9881851,  9885158,  3307 , 3052604 
6 , 11364139,  11367463,  3324 , 2964593 
7 , 12809606,  12812946,  3340 , 2890950 
8 , 14223461,  14226818,  3357 , 2827727 
9 , 15609802,  15613176,  3374 , 2772699 
10 , 16971970,  16975362,  3392 , 2724354 
11 , 18312344,  18315750,  3406 , 2680762 
12 , 19633537,  19636961,  3424 , 2642404 
13 , 20936691,  20940132,  3441 , 2606325 
14 , 22223840,  22227297,  3457 , 2574314 
15 , 23495522,  23498995,  3473 , 2543380 
16 , 24753609,  24757098,  3489 , 2516190 
17 , 25998448,  26001954,  3506 , 2489695 
18 , 27231543,  27235066,  3523 , 2466207 
19 , 28453090,  28456627,  3537 , 2443108 
20 , 29664331,  29667886,  3555 , 2422500 
21 , 30865394,  30868967,  3573 , 2402144 
22 , 32057322,  32060910,  3588 , 2383871 
23 , 33240092,  33243695,  3603 , 2365555 
24 , 34414627,  34418247,  3620 , 2349087 
25 , 35581007,  35584643,  3636 , 2332776 
26 , 36739863,  36743517,  3654 , 2317730 
27 , 37891289,  37894957,  3668 , 2302866 
28 , 39036028,  39039714,  3686 , 2289496 
29 , 40173909,  40177612,  3703 , 2275779 
30 , 41305545,  41309263,  3718 , 2263287 
31 , 42430964,  42434699,  3735 , 2250855 
32 , 43550620,  43554372,  3752 , 2239329 
33 , 44664463,  44668231,  3768 , 2227702 
34 , 45773015,  45776799,  3784 , 2217120 
35 , 46876156,  46879956,  3800 , 2206298 
36 , 47974452,  47978270,  3818 , 2196610 
37 , 49067779,  49071611,  3832 , 2186668 
38 , 50156590,  50160438,  3848 , 2177638 
39 , 51240776,  51244640,  3864 , 2168388 
40 , 52320676,  52324556,  3880 , 2159816 
41 , 53396269,  53400166,  3897 , 2151203 
42 , 54467867,  54471779,  3912 , 2143211 
43 , 55535371,  55539302,  3931 , 2135027 
44 , 56599213,  56603159,  3946 , 2127699 
45 , 57659150,  57663112,  3962 , 2119890 
46 , 58715660,  58719637,  3977 , 2113035 
47 , 59768486,  59772481,  3995 , 2105670 
48 , 60818065,  60822075,  4010 , 2099173 
49 , 61864178,  61868204,  4026 , 2092242 
50 , 62907229,  62911272,  4043 , 2086119 
51 , 63946961,  63951020,  4059 , 2079480 
52 , 64983818,  64987892,  4074 , 2073729 
53 , 66017563,  66021654,  4091 , 2067507 
54 , 67048544,  67052651,  4107 , 2061978 
55 , 68076521,  68080642,  4121 , 2055968 
56 , 69101896,  69106035,  4139 , 2050768 
57 , 70124462,  70128617,  4155 , 2045148 
58 , 71144521,  71148692,  4171 , 2040134 
59 , 72161931,  72166117,  4186 , 2034835 
60 , 73176924,  73181126,  4202 , 2030002 
61 , 74189411,  74193630,  4219 , 2024991 
62 , 75199557,  75203792,  4235 , 2020308 
63 , 76207270,  76211522,  4252 , 2015443 
64 , 77212827,  77217093,  4266 , 2011128 
65 , 78216012,  78220296,  4284 , 2006388 
66 , 79217182,  79221481,  4299 , 2002355 
67 , 80216045,  80220362,  4317 , 1997744 
68 , 81212991,  81217322,  4331 , 1993906 
69 , 82207712,  82212060,  4348 , 1989459 
70 , 83200589,  83204951,  4362 , 1985768 
71 , 84191345,  84195725,  4380 , 1981530 
72 , 85180326,  85184723,  4397 , 1977979 
73 , 86167302,  86171712,  4410 , 1973965 
74 , 87152489,  87156917,  4428 , 1970392 
75 , 88135824,  88140268,  4444 , 1966686 
76 , 89117414,  89121873,  4459 , 1963195 
77 , 90097231,  90101707,  4476 , 1959651 
78 , 91075395,  91079888,  4493 , 1956345 
79 , 92051770,  92056279,  4509 , 1952766 
80 , 93026570,  93031095,  4525 , 1949616 
81 , 93999652,  94004193,  4541 , 1946180 
82 , 94971228,  94975785,  4557 , 1943168 
83 , 95941124,  95945699,  4575 , 1939810 
84 , 96909616,  96914206,  4590 , 1936999 
85 , 97876454,  97881059,  4605 , 1933691 
86 , 98842013,  98846636,  4623 , 1931136 
87 , 99805934,  99810572,  4638 , 1927857 
88 , 100768572,  100773227,  4655 , 1925293 
89 , 101729639,  101734310,  4671 , 1922150 
90 , 102689491,  102694178,  4687 , 1919720 
91 , 103647835,  103652538,  4703 , 1916704 
92 , 104604964,  104609682,  4718 , 1914273 
93 , 105560663,  105565398,  4735 , 1911415 
94 , 106515192,  106519943,  4751 , 1909074 
95 , 107468347,  107473116,  4769 , 1906328 
96 , 108420351,  108425134,  4783 , 1904022 
97 , 109371021,  109375821,  4800 , 1901357 
98 , 110320569,  110325386,  4817 , 1899113 
99 , 111268806,  111273639,  4833 , 1896490 
100 , 112215963,  112220812,  4849 , 1894330 
101 , 113161871,  113166736,  4865 , 1891832 
102 , 114106726,  114111609,  4883 , 1889728 
103 , 115050367,  115055265,  4898 , 1887297 
104 , 115992991,  115997906,  4915 , 1885265 
105 , 116934436,  116939368,  4932 , 1882907 
106 , 117874898,  117879847,  4949 , 1880941 
107 , 118814194,  118819158,  4964 , 1878607 
108 , 119752546,  119757528,  4982 , 1876722 
109 , 120689775,  120694771,  4996 , 1874472 
110 , 121626082,  121631096,  5014 , 1872632 
111 , 122561285,  122566315,  5030 , 1870422 
112 , 123495609,  123500655,  5046 , 1868664 
113 , 124428868,  124433930,  5062 , 1866534 
114 , 125361248,  125366328,  5080 , 1864778 
115 , 126292583,  126297679,  5096 , 1862686 
116 , 127223097,  127228210,  5113 , 1861045 
117 , 128152621,  128157750,  5129 , 1859064 
118 , 129081355,  129086498,  5143 , 1857482 
119 , 130009100,  130014262,  5162 , 1855509 
120 , 130936065,  130941243,  5178 , 1853946 
121 , 131862075,  131867269,  5194 , 1852036 
122 , 132787311,  132792521,  5210 , 1850488 
123 , 133711625,  133716851,  5226 , 1848644 
124 , 134635207,  134640448,  5241 , 1847179 
125 , 135557914,  135563173,  5259 , 1845432 
126 , 136479883,  136485158,  5275 , 1843954 
127 , 137400996,  137406286,  5290 , 1842241 
128 , 138321390,  138326698,  5308 , 1840806 
129 , 139240935,  139246259,  5324 , 1839106 
130 , 140159785,  140165124,  5339 , 1837715 
131 , 141077817,  141083171,  5354 , 1836079 
132 , 141995192,  142000563,  5371 , 1834767 
133 , 142911743,  142917132,  5389 , 1833120 
134 , 143827675,  143833080,  5405 , 1831880 
135 , 144742805,  144748225,  5420 , 1830275 
136 , 145657326,  145662763,  5437 , 1829059 
137 , 146571041,  146576494,  5453 , 1827446 
138 , 147484182,  147489652,  5470 , 1826299 
139 , 148396523,  148402009,  5486 , 1824698 
140 , 149308286,  149313789,  5503 , 1823543 
141 , 150219300,  150224819,  5519 , 1822044 
142 , 151129732,  151135268,  5536 , 1820881 
143 , 152039414,  152044966,  5552 , 1819380 
144 , 152948512,  152954081,  5569 , 1818213 
145 , 153856930,  153862514,  5584 , 1816851 
146 , 154764764,  154770365,  5601 , 1815685 
147 , 155671918,  155677535,  5617 , 1814324 
148 , 156578518,  156584152,  5634 , 1813217 
149 , 157484437,  157490087,  5650 , 1811854 
150 , 158389828,  158395495,  5667 , 1810799 
151 , 159294556,  159300237,  5681 , 1809470 
152 , 160198811,  160204513,  5702 , 1808531 
153 , 161102316,  161108031,  5715 , 1807023 
154 , 162005434,  162011167,  5733 , 1806254 
155 , 162907802,  162913552,  5750 , 1804753 
156 , 163809800,  163815568,  5768 , 1804014 
157 , 164710999,  164716781,  5782 , 1802412 
158 , 165611900,  165617701,  5801 , 1801821 
159 , 166511992,  166517807,  5815 , 1800198 
160 , 167411817,  167417649,  5832 , 1799667 
161 , 168310830,  168316680,  5850 , 1798044 
162 , 169209561,  169215428,  5867 , 1797479 
163 , 170107562,  170113443,  5881 , 1796016 
164 , 171005259,  171011160,  5901 , 1795414 
165 , 171902218,  171908132,  5914 , 1793931 
166 , 172798887,  172804821,  5934 , 1793358 
167 , 173694839,  173700787,  5948 , 1791918 
168 , 174590507,  174596472,  5965 , 1791353 
169 , 175485503,  175491482,  5979 , 1790006 
170 , 176380175,  176386174,  5999 , 1789364 
171 , 177274217,  177280233,  6016 , 1788101 
172 , 178167938,  178173972,  6034 , 1787460 
173 , 179061046,  179067093,  6047 , 1786229 
174 , 179953833,  179959899,  6066 , 1785593 
175 , 180846035,  180852116,  6081 , 1784419 
176 , 181737915,  181744013,  6098 , 1783777 
177 , 182629200,  182635316,  6116 , 1782588 
178 , 183520164,  183526295,  6131 , 1781943 
179 , 184410571,  184416718,  6147 , 1780830 
180 , 185300657,  185306822,  6165 , 1780190 
181 , 186190204,  186196386,  6182 , 1779111 
182 , 187079422,  187085619,  6197 , 1778451 
183 , 187968116,  187974329,  6213 , 1777404 
184 , 188856489,  188862722,  6233 , 1776766 
185 , 189744353,  189750600,  6247 , 1775742 
186 , 190631917,  190638183,  6266 , 1775147 
187 , 191518967,  191525248,  6281 , 1774115 
188 , 192405712,  192412012,  6300 , 1773509 
189 , 193291957,  193298270,  6313 , 1772503 
190 , 194177931,  194184266,  6335 , 1771970 
191 , 195063365,  195069714,  6349 , 1770882 
192 , 195948568,  195954937,  6369 , 1770426 
193 , 196833235,  196839616,  6381 , 1769346 
194 , 197717673,  197724073,  6400 , 1768895 
195 , 198601567,  198607981,  6414 , 1767802 
196 , 199485271,  199491705,  6434 , 1767428 
197 , 200368424,  200374874,  6450 , 1766322 
198 , 201251328,  201257797,  6469 , 1765827 
199 , 202133774,  202140257,  6483 , 1764906 
200 , 203015964,  203022464,  6500 , 1764397 
201 , 584789,  589461,  4672 , 8185070414 
202 , 1544428,  1549115,  4687 , 1919293 
203 , 2502857,  2507561,  4704 , 1916875 
204 , 3459858,  3464578,  4720 , 1914018 
205 , 4415755,  4420491,  4736 , 1911810 
206 , 5370161,  5374913,  4752 , 1908828 
207 , 6323534,  6328303,  4769 , 1906763 
208 , 7275467,  7280252,  4785 , 1903882 
209 , 8226375,  8231176,  4801 , 1901832 
210 , 9175916,  9180733,  4817 , 1899098 
211 , 10124440,  10129273,  4833 , 1897064 
212 , 11071634,  11076483,  4849 , 1894404 
213 , 12017825,  12022681,  4856 , 1892389 
214 , 12962725,  12967606,  4881 , 1889825 
215 , 13906617,  13911515,  4898 , 1887801 
216 , 14849303,  14854216,  4913 , 1885387 
217 , 15791013,  15795944,  4931 , 1883438 
218 , 16731534,  16736479,  4945 , 1881056 
219 , 17671121,  17676084,  4963 , 1879192 
220 , 18609536,  18614516,  4980 , 1876847 
221 , 19547072,  19552068,  4996 , 1875088 
222 , 20483453,  20488463,  5010 , 1872776 
223 , 21418990,  21424017,  5027 , 1871091 
224 , 22353429,  22358472,  5043 , 1868894 
225 , 23286998,  23292059,  5061 , 1867156 
226 , 24219527,  24224604,  5077 , 1865074 
227 , 25151180,  25156272,  5092 , 1863321 
228 , 26081807,  26086917,  5110 , 1861272 
229 , 27011608,  27016732,  5124 , 1859616 
230 , 27940410,  27945551,  5141 , 1857621 
231 , 28868405,  28873561,  5156 , 1856005 
232 , 560071,  564728,  4657 , 8533317425 
233 , 1521097,  1525769,  4672 , 1922067 
234 , 2480957,  2485645,  4688 , 1919736 
235 , 3439273,  3443976,  4703 , 1916647 
236 , 4396451,  4401172,  4721 , 1914374 
237 , 5352124,  5356860,  4736 , 1911361 
238 , 6306716,  6311468,  4752 , 1909200 
239 , 7259848,  7264615,  4767 , 1906279 
240 , 8211880,  8216666,  4786 , 1904083 
241 , 9162515,  9167316,  4801 , 1901285 
242 , 10112119,  10116938,  4819 , 1899226 
243 , 11060370,  11065203,  4833 , 1896516 
244 , 12007578,  12012429,  4851 , 1894434 
245 , 12953517,  12958383,  4866 , 1891893 
246 , 13898442,  13903326,  4884 , 1889868 
247 , 14842100,  14846998,  4898 , 1887330 
248 , 15784785,  15789702,  4917 , 1885389 
249 , 16726247,  16731179,  4932 , 1882939 
250 , 17666767,  17671715,  4948 , 1881056 
251 , 18606123,  18611087,  4964 , 1878728 
252 , 19544550,  19549531,  4981 , 1876871 
253 , 20481842,  20486839,  4997 , 1874600 
254 , 21418241,  21423255,  5014 , 1872815 
255 , 22353500,  22358529,  5029 , 1870533 
256 , 23287941,  23292987,  5046 , 1868899 
257 , 24221266,  24226327,  5061 , 1866665 
258 , 25153778,  25158857,  5079 , 1865042 
259 , 26085974,  26090297,  4323 , 1863636 
260 , 27015860,  27020972,  5112 , 1860561 
261 , 27945464,  27950592,  5128 , 1859224 
262 , 28874299,  28879441,  5142 , 1857684 
263 , 449568,  502769,  53201 , 8533133189 
264 , 1273194,  1326490,  53296 , 1647347 
265 , 2096844,  2150200,  53356 , 1647360 
266 , 2920796,  2974218,  53422 , 1647970 
267 , 3744574,  3798048,  53474 , 1647608 
268 , 4568333,  4621879,  53546 , 1647590 
269 , 5392145,  5445782,  53637 , 1647715 
270 , 6216156,  6269845,  53689 , 1648074 
271 , 7039733,  7093500,  53767 , 1647232 
272 , 7863734,  7917567,  53833 , 1648068 
273 , 8687294,  8741197,  53903 , 1647190 
274 , 9511262,  9565235,  53973 , 1648006 
275 , 10334794,  10388829,  54035 , 1647126 
276 , 11158781,  11212889,  54108 , 1648047 
277 , 11982326,  12036503,  54177 , 1647159 
278 , 12806314,  12860561,  54247 , 1648046 
Число меток разделителя:  5 
0 
201 
232 
263 
279 
Эффективный угловой размер затеняющй спицы:  0.005388244342  0.000003375327 
Период линейных колебаний [сек]:  1.374836048041  0.000861230609   
