Данные измерений. Отсчеты таймера. 1193180 отсчетов - 1 секунда.
Всего проведено измерений:  290 
T1 - момент нарушения оптического тракта.
 T2 - момент восстановления оптического тракта.
 #N |   T1   |   T2  |   dT |   T  |  
 0 , 1140952,  1144071,  3119 
1 , 3055614,  3058744,  3130 , 3829335 
2 , 4820276,  4823416,  3140 , 3529334 
3 , 6493425,  6496576,  3151 , 3346309 
4 , 8101163,  8104325,  3162 , 3215487 
5 , 9657909,  9661082,  3173 , 3113503 
6 , 11172422,  11175606,  3184 , 3029037 
7 , 12651523,  12654718,  3195 , 2958213 
8 , 14100709,  14103914,  3205 , 2898382 
9 , 15523122,  15526339,  3217 , 2844838 
10 , 16921945,  16925173,  3228 , 2797657 
11 , 18299917,  18303155,  3238 , 2755954 
12 , 19658498,  19661748,  3250 , 2717174 
13 , 20999487,  21002747,  3260 , 2681988 
14 , 22324517,  22327788,  3271 , 2650071 
15 , 23634522,  23637804,  3282 , 2620021 
16 , 24930357,  24933650,  3293 , 2591681 
17 , 26213328,  26216633,  3305 , 2565954 
18 , 27484149,  27487465,  3316 , 2541653 
19 , 28743487,  28746812,  3325 , 2518685 
20 , 29992026,  29995363,  3337 , 2497090 
21 , 31230336,  31233682,  3346 , 2476629 
22 , 32458989,  32462348,  3359 , 2457319 
23 , 33678431,  33681800,  3369 , 2438894 
24 , 34889280,  34892661,  3381 , 2421710 
25 , 36091757,  36095148,  3391 , 2404964 
26 , 37286396,  37289799,  3403 , 2389290 
27 , 38473418,  38476831,  3413 , 2374054 
28 , 39653228,  39656652,  3424 , 2359631 
29 , 40826065,  40829501,  3436 , 2345686 
30 , 41992245,  41995691,  3446 , 2332370 
31 , 43152015,  43155472,  3457 , 2319551 
32 , 44305691,  44309159,  3468 , 2307363 
33 , 45453356,  45456834,  3478 , 2295340 
34 , 46595453,  46598944,  3491 , 2284207 
35 , 47731948,  47735448,  3500 , 2272999 
36 , 48863251,  48866762,  3511 , 2262617 
37 , 49989295,  49992816,  3521 , 2252098 
38 , 51110449,  51113982,  3533 , 2242320 
39 , 52226702,  52230245,  3543 , 2232516 
40 , 53338282,  53341836,  3554 , 2223171 
41 , 54445310,  54448874,  3564 , 2214066 
42 , 55547960,  55551535,  3575 , 2205311 
43 , 56646315,  56649902,  3587 , 2196722 
44 , 57740485,  57744083,  3598 , 2188351 
45 , 58830605,  58834213,  3608 , 2180250 
46 , 59916834,  59920452,  3618 , 2172468 
47 , 60999159,  61002789,  3630 , 2164662 
48 , 62077805,  62081447,  3642 , 2157304 
49 , 63152806,  63156458,  3652 , 2150012 
50 , 64224245,  64227909,  3664 , 2142890 
51 , 65292249,  65295923,  3674 , 2136018 
52 , 66356886,  66360570,  3684 , 2129284 
53 , 67418253,  67421947,  3694 , 2122744 
54 , 68476415,  68480120,  3705 , 2116335 
55 , 69531404,  69535120,  3716 , 2109989 
56 , 70583297,  70587025,  3728 , 2103798 
57 , 71632175,  71635913,  3738 , 2097766 
58 , 72678162,  72681914,  3752 , 2091988 
59 , 73721264,  73725024,  3760 , 2086212 
60 , 74761607,  74765380,  3773 , 2080699 
61 , 75799208,  75802989,  3781 , 2075210 
62 , 76834137,  76837930,  3793 , 2069870 
63 , 77866446,  77870249,  3803 , 2064628 
64 , 78896212,  78900026,  3814 , 2059543 
65 , 79923482,  79927306,  3824 , 2054550 
66 , 80948332,  80952168,  3836 , 2049712 
67 , 81970782,  81974628,  3846 , 2044910 
68 , 82990885,  82994743,  3858 , 2040218 
69 , 84008659,  84012528,  3869 , 2035559 
70 , 85024212,  85028090,  3878 , 2031115 
71 , 86037513,  86041401,  3888 , 2026612 
72 , 87048694,  87052595,  3901 , 2022375 
73 , 88057703,  88061614,  3911 , 2018028 
74 , 89064640,  89068562,  3922 , 2013885 
75 , 90069515,  90073446,  3931 , 2009759 
76 , 91072362,  91076305,  3943 , 2005706 
77 , 92073228,  92077180,  3952 , 2001741 
78 , 93072131,  93076096,  3965 , 1997819 
79 , 94069146,  94073121,  3975 , 1994040 
80 , 95064256,  95068242,  3986 , 1990231 
81 , 96057519,  96061516,  3997 , 1986537 
82 , 97048941,  97052948,  4007 , 1982854 
83 , 98038587,  98042606,  4019 , 1979304 
84 , 99026435,  99030464,  4029 , 1975706 
85 , 100012582,  100016621,  4039 , 1972304 
86 , 100996970,  101001022,  4052 , 1968789 
87 , 101979690,  101983751,  4061 , 1965449 
88 , 102960752,  102964825,  4073 , 1962136 
89 , 103940182,  103944265,  4083 , 1958870 
90 , 104918011,  104922104,  4093 , 1955668 
91 , 105894249,  105898354,  4105 , 1952488 
92 , 106868920,  106873037,  4117 , 1949354 
93 , 107842094,  107846219,  4125 , 1946356 
94 , 108813739,  108817878,  4139 , 1943304 
95 , 109783933,  109788081,  4148 , 1940397 
96 , 110752633,  110756792,  4159 , 1937411 
97 , 111719930,  111724099,  4169 , 1934604 
98 , 112685764,  112689944,  4180 , 1931679 
99 , 113650247,  113654438,  4191 , 1928977 
100 , 114613324,  114617526,  4202 , 1926165 
101 , 115575074,  115579287,  4213 , 1923511 
102 , 116535482,  116539706,  4224 , 1920827 
103 , 117494592,  117498827,  4235 , 1918231 
104 , 118452383,  118456628,  4245 , 1915592 
105 , 119408919,  119413175,  4256 , 1913083 
106 , 120364158,  120368425,  4267 , 1910489 
107 , 121318190,  121322468,  4278 , 1908075 
108 , 122270963,  122275250,  4287 , 1905555 
109 , 123222545,  123226844,  4299 , 1903176 
110 , 124172895,  124177205,  4310 , 1900711 
111 , 125122130,  125126452,  4322 , 1898482 
112 , 126070162,  126074494,  4332 , 1896074 
113 , 127017104,  127021445,  4341 , 1893893 
114 , 127962871,  127967225,  4354 , 1891547 
115 , 128907562,  128911925,  4363 , 1889391 
116 , 129851113,  129855486,  4373 , 1887112 
117 , 130793621,  130798006,  4385 , 1885028 
118 , 131735008,  131739405,  4397 , 1882786 
119 , 132675374,  132679781,  4407 , 1880742 
120 , 133614652,  133619070,  4418 , 1878567 
121 , 134552934,  134557362,  4428 , 1876574 
122 , 135490146,  135494586,  4440 , 1874436 
123 , 136426388,  136430837,  4449 , 1872493 
124 , 137361601,  137366063,  4462 , 1870439 
125 , 138295867,  138300337,  4470 , 1868540 
126 , 139229135,  139233618,  4483 , 1866549 
127 , 140161481,  140165974,  4493 , 1864702 
128 , 141092854,  141097359,  4505 , 1862758 
129 , 142023324,  142027837,  4513 , 1860948 
130 , 142952830,  142957355,  4525 , 1859024 
131 , 143881457,  143885993,  4536 , 1857265 
132 , 144809135,  144813682,  4547 , 1855367 
133 , 145735955,  145740511,  4556 , 1853649 
134 , 146661849,  146666418,  4569 , 1851801 
135 , 147586923,  147591504,  4581 , 1850160 
136 , 148511070,  148515661,  4591 , 1848304 
137 , 149434428,  149439030,  4602 , 1846727 
138 , 150356895,  150361508,  4613 , 1844945 
139 , 151278581,  151283203,  4622 , 1843381 
140 , 152199376,  152204010,  4634 , 1841602 
141 , 153119416,  153124059,  4643 , 1840089 
142 , 154038588,  154043244,  4656 , 1838357 
143 , 154957015,  154961681,  4666 , 1836864 
144 , 155874596,  155879273,  4677 , 1835173 
145 , 156791444,  156796132,  4688 , 1833707 
146 , 157707478,  157712178,  4700 , 1832080 
147 , 158622814,  158627523,  4709 , 1830681 
148 , 159537329,  159542050,  4721 , 1829042 
149 , 160451169,  160455899,  4730 , 1827689 
150 , 161364223,  161368964,  4741 , 1826119 
151 , 162276612,  162281363,  4751 , 1824788 
152 , 163188222,  163192986,  4764 , 1823233 
153 , 164099161,  164103936,  4775 , 1821889 
154 , 165009337,  165014122,  4785 , 1820362 
155 , 165918874,  165923668,  4794 , 1819083 
156 , 166827644,  166832451,  4807 , 1817553 
157 , 167735793,  167740610,  4817 , 1816308 
158 , 168643196,  168648024,  4828 , 1814817 
159 , 169549973,  169554810,  4837 , 1813563 
160 , 170456039,  170460891,  4852 , 1812147 
161 , 171361487,  171366347,  4860 , 1810904 
162 , 172266241,  172271112,  4871 , 1809519 
163 , 173170390,  173175271,  4881 , 1808308 
164 , 174073856,  174078749,  4893 , 1806944 
165 , 174976732,  174981637,  4905 , 1805764 
166 , 175878938,  175883853,  4915 , 1804422 
167 , 176780572,  176785497,  4925 , 1803278 
168 , 177681546,  177686482,  4936 , 1801959 
169 , 178581962,  178586911,  4949 , 1800845 
170 , 179481714,  179486672,  4958 , 1799513 
171 , 180380908,  180385877,  4969 , 1798399 
172 , 181279469,  181284449,  4980 , 1797133 
173 , 182177483,  182182473,  4990 , 1796038 
174 , 183074871,  183079872,  5001 , 1794787 
175 , 183971719,  183976731,  5012 , 1793707 
176 , 184867947,  184872971,  5024 , 1792468 
177 , 185763671,  185768704,  5033 , 1791457 
178 , 186658790,  186663835,  5045 , 1790250 
179 , 187553400,  187558456,  5056 , 1789231 
180 , 188447407,  188452474,  5067 , 1788025 
181 , 189340920,  189345998,  5078 , 1787037 
182 , 190233834,  190238922,  5088 , 1785838 
183 , 191126260,  191131357,  5097 , 1784861 
184 , 192018093,  192023203,  5110 , 1783679 
185 , 192909458,  192914579,  5121 , 1782741 
186 , 193800242,  193805375,  5133 , 1781580 
187 , 194690557,  194695700,  5143 , 1780640 
188 , 195580290,  195585443,  5153 , 1779476 
189 , 196469594,  196474759,  5165 , 1778620 
190 , 197358327,  197363503,  5176 , 1777477 
191 , 198246608,  198251793,  5185 , 1776571 
192 , 199134336,  199139534,  5198 , 1775469 
193 , 200021632,  200026840,  5208 , 1774602 
194 , 200908388,  200913607,  5219 , 1773523 
195 , 201794708,  201799939,  5231 , 1772652 
196 , 202680497,  202685738,  5241 , 1771588 
197 , 203565848,  203571099,  5251 , 1770712 
198 , 204450688,  204455952,  5264 , 1769693 
199 , 205335123,  205340395,  5272 , 1768878 
200 , 206219026,  206224311,  5285 , 1767819 
201 , 575120,  579614,  4494 , 8178645989 
202 , 1506829,  1511333,  4504 , 1863428 
203 , 2437648,  2442164,  4516 , 1861650 
204 , 3367493,  3372018,  4525 , 1859699 
205 , 4296490,  4301025,  4535 , 1858004 
206 , 5224531,  5229079,  4548 , 1856095 
207 , 6151718,  6156276,  4558 , 1854384 
208 , 7077950,  7082518,  4568 , 1852474 
209 , 8003403,  8007983,  4580 , 1850918 
210 , 8927916,  8932506,  4590 , 1849036 
211 , 9851618,  9856220,  4602 , 1847416 
212 , 10774423,  10779034,  4611 , 1845619 
213 , 11696417,  11701040,  4623 , 1844000 
214 , 12617541,  12622175,  4634 , 1842259 
215 , 13537888,  13542533,  4645 , 1840705 
216 , 14457388,  14462043,  4655 , 1839010 
217 , 15376113,  15380779,  4666 , 1837461 
218 , 16294000,  16298677,  4677 , 1835785 
219 , 17211139,  17215826,  4687 , 1834288 
220 , 18127472,  18132170,  4698 , 1832677 
221 , 19043043,  19047752,  4709 , 1831153 
222 , 19957843,  19962563,  4720 , 1829611 
223 , 20871891,  20876623,  4732 , 1828108 
224 , 21785192,  21789935,  4743 , 1826613 
225 , 22697765,  22702519,  4754 , 1825157 
226 , 23609590,  23614353,  4763 , 1823659 
227 , 24520696,  24525470,  4774 , 1822223 
228 , 25431089,  25435875,  4786 , 1820798 
229 , 26340771,  26345566,  4795 , 1819373 
230 , 27249753,  27254562,  4809 , 1817978 
231 , 28158059,  28162876,  4817 , 1816620 
232 , 515323,  519871,  4548 , 8534648851 
233 , 1442404,  1446962,  4558 , 1854172 
234 , 2368659,  2373228,  4569 , 1852521 
235 , 3293989,  3298569,  4580 , 1850671 
236 , 4218543,  4223135,  4592 , 1849120 
237 , 5142146,  5146747,  4601 , 1847215 
238 , 6065003,  6069616,  4613 , 1845726 
239 , 6986962,  6991585,  4623 , 1843928 
240 , 7908160,  7912793,  4633 , 1842406 
241 , 8828484,  8833127,  4643 , 1840658 
242 , 9748066,  9752722,  4656 , 1839177 
243 , 10666798,  10671464,  4666 , 1837474 
244 , 11584775,  11589453,  4678 , 1835966 
245 , 12501927,  12506614,  4687 , 1834313 
246 , 13418340,  13423040,  4700 , 1832839 
247 , 14333954,  14338665,  4711 , 1831239 
248 , 15248840,  15253561,  4721 , 1829782 
249 , 16162943,  16167674,  4731 , 1828216 
250 , 17076317,  17081059,  4742 , 1826759 
251 , 17988941,  17993693,  4752 , 1825258 
252 , 18900831,  18905594,  4763 , 1823791 
253 , 19811987,  19816762,  4775 , 1822324 
254 , 20722449,  20727234,  4785 , 1820934 
255 , 21632163,  21636961,  4798 , 1819441 
256 , 22541223,  22546031,  4808 , 1818130 
257 , 23449541,  23454359,  4818 , 1816646 
258 , 24357232,  24362061,  4829 , 1815393 
259 , 25264183,  25269023,  4840 , 1813913 
260 , 26170524,  26175376,  4852 , 1812694 
261 , 27076147,  27081009,  4862 , 1811256 
262 , 27981167,  27986040,  4873 , 1810051 
263 , 489332,  527004,  37672 , 8534983721 
264 , 1287603,  1325309,  37706 , 1596576 
265 , 2085357,  2123100,  37743 , 1595545 
266 , 2883650,  2921407,  37757 , 1596600 
267 , 3681441,  3719232,  37791 , 1595616 
268 , 4479686,  4517468,  37782 , 1596481 
269 , 5277567,  5315403,  37836 , 1595816 
270 , 6075745,  6113598,  37853 , 1596373 
271 , 6873594,  6911480,  37886 , 1595731 
272 , 7671819,  7709713,  37894 , 1596458 
273 , 8469697,  8507654,  37957 , 1595819 
274 , 390372,  443579,  53207 , 8573791192 
275 , 1188113,  1241379,  53266 , 1595541 
276 , 1985202,  2038499,  53297 , 1594209 
277 , 2782950,  2836315,  53365 , 1595564 
278 , 3580341,  3633675,  53334 , 1594751 
279 , 4377822,  4431216,  53394 , 1595022 
280 , 5174863,  5228295,  53432 , 1594120 
281 , 5972645,  6026123,  53478 , 1595610 
282 , 6769740,  6823258,  53518 , 1594230 
283 , 7567512,  7621059,  53547 , 1595573 
284 , 8364542,  8418214,  53672 , 1594185 
285 , 9162264,  9215909,  53645 , 1595417 
286 , 9959420,  10013105,  53685 , 1594352 
287 , 10757094,  10810812,  53718 , 1595381 
288 , 11554272,  11608036,  53764 , 1594402 
289 , 12351940,  12405733,  53793 , 1595365 
Число меток разделителя:  6 
0 
201 
232 
263 
274 
290 
Эффективный угловой размер затеняющй спицы:  0.005219599006  0.000003371449 
Период линейных колебаний [сек]:  1.331805392130  0.000860241264   
